INPUT
5 14 12 10 12 11 10 14 14 10 10
OUTPUT
21 4 22 3 24 2 24 0 26 1


INPUT
10 18 41 88 73 20 52 29 40 1 17 21 24 45 27 31 100 88 78 25 53
OUTPUT
26 8 39 0 51 4 65 1 70 9 100 3 117 6 118 7 133 2 152 5


INPUT
50 1046 1217 1142 1459 1145 1060 1365 1161 1427 1195 1437 1085 1277 1222 1203 1149 1350 1331 1157 1450 1496 1387 1165 1249 1115 1444 1358 1065 1038 1019 1377 1278 1063 1150 1355 1189 1324 1261 1061 1265 1184 1447 1017 1397 1181 1048 1466 1469 1336 1242 1160 1384 1062 1174 1210 1117 1260 1390 1470 1071 1038 1067 1040 1148 1068 1249 1351 1248 1417 1420 1479 1198 1234 1171 1407 1399 1035 1224 1220 1366 1195 1007 1461 1092 1063 1264 1475 1317 1482 1313 1257 1002 1082 1010 1020 1251 1439 1233 1181 1009
OUTPUT
2099 42 2152 11 2177 5 2201 44 2204 2 2206 0 2242 33 2251 49 2258 28 2266 9 2271 14 2285 31 2289 27 2299 45 2317 12 2355 4 2370 13 2385 29 2393 26 2398 15 2399 22 2407 43 2418 34 2420 23 2441 40 2449 41 2453 35 2475 10 2517 48 2522 24 2524 32 2543 38 2551 7 2572 30 2574 18 2578 37 2578 39 2579 17 2585 21 2601 1 2625 6 2633 3 2701 16 2702 47 2799 36 2843 25 2870 19 2897 8 2905 46 2975 20


INPUT
10 12 45 78 91 31 50 15 77 51 19 67 98 43 59 16 31 39 27 11 85
OUTPUT
47 4 54 6 62 8 79 0 81 5 104 9 104 7 121 2 143 1 150 3


INPUT
10 10 7 5 4 1 3 8 2 6 9 3 9 8 1 2 7 10 5 6 4
OUTPUT
3 4 5 3 7 7 10 5 12 8 13 2 13 9 13 0 16 1 18 6


INPUT
15 40 34 35 37 32 28 29 39 20 30 26 22 27 21 31 33 30 34 23 20 26 36 40 31 38 27 35 32 25 24
OUTPUT
46 13 51 8 52 4 53 10 54 5 55 14 57 11 59 12 60 3 64 1 65 6 68 9 69 2 73 0 79 7